None	S_cer	S_par	S_mik	S_bay	S_kud	S_castellii	K_waltii	K_lactis	A_gossyppi	Y_lipolytica	A_nidulans	S_pombe
NP_010181.2	2284.0	2254.0	2234.0	2200.0	2197.0	1895.0	1767.0	1691.0	1736.0	1297.0	1099.0	1194.0
NP_009362.1	1027.0	1016.0	1018.0	1008.0	1010.0	909.0	903.0	894.0	875.0	714.0	691.0	684.0
NP_014555.1	712.0	698.0	696.0	684.0	688.0	N/A	617.0	611.0	N/A	N/A	N/A	344.0
NP_116682.3	352.0	171.0	92.8	0	82.0	0	0	0	0	0	0	0
NP_011284.1	308.0	225.0	179.0	191.0	178.0	0	0	0	0	0	0	0
NP_011878.1	588.0	522.0	446.0	439.0	455.0	0	0	0	0	0	0	0
NP_013320.1	1491.0	1205.0	1013.0	910.0	996.0	141.0	101.0	102.0	63.2	0	0	0
NP_014160.2	941.0	927.0	889.0	885.0	893.0	638.0	0	0	657.0	375.0	378.0	0
NP_014890.1	394.0	264.0	254.0	230.0	271.0	58.9	0	0	0	0	0	0
